-1
-11.74568162048573 8.406621038282605
-11.677593322701467 8.774587249487462
-10.698710223860592 7.7370177987226
-10.31535320710456 7.715136856962625
-6.641866041125218 4.627501442690427
-8.378628412876518 6.087706356714241
-8.66096715068207 6.495228066267151
-9.924845831099198 7.871177043510486
-11.337295101127584 7.467175636575463
-11.422593170891814 8.362240526297114
-11.797475114966092 7.736845384974767
-10.315879745505441 7.947819238389056
-10.470579347500394 7.551133473024761
-6.102058718888976 3.7807826048493935
-4.961421323143038 1.4344124904589182
-10.651631221554174 8.00360346909005
-8.517421737225991 5.196626273868475
-1.1226454436583349 -1.2276343783354362
1.552166864148005 -6.118230397535878
-6.242867350843716 4.208305604967672
-5.788669376951585 2.5086964702058037
3.465715246944488 -6.80759723752957
1.156641093830232 -6.009567681379121